{
 "cells": [
  {
   "cell_type": "code",
   "execution_count": 1,
   "metadata": {},
   "outputs": [],
   "source": [
    "import matplotlib\n",
    "import matplotlib.pyplot as plt\n",
    "import numpy as np\n",
    "import pandas as pd\n",
    "from sklearn import datasets\n",
    "\n",
    "from sklearn.model_selection import train_test_split\n",
    "from sklearn.metrics import mean_squared_error"
   ]
  },
  {
   "cell_type": "code",
   "execution_count": 2,
   "metadata": {},
   "outputs": [],
   "source": [
    "matplotlib.rcParams['figure.figsize'] = [20, 10]"
   ]
  },
  {
   "cell_type": "markdown",
   "metadata": {},
   "source": [
    "We are going to explain very important technique called regularization. We have already discuss that sometimes models overfit. If we observe that we could try to make model simpler. But it is not always possible and sometimes it is complicated to manually find out how to do this. So regularization is doing this for us in a sort of automated way. We will see how.\n",
    "\n",
    "We will discuss here two very popular types of regularizations:\n",
    "* $l_2$ regularization\n",
    "* $l_1$ regularization.\n",
    "We will explain them using an example from <kaggle.com> the competition called __House Prices: Advanced Regression Techniques__, see <https://www.kaggle.com/c/house-prices-advanced-regression-techniques>. So please download `train.cvs` dataset from there. \n",
    "\n",
    "So are what $l_1$ and $l_2$ regularizations_ The name comes from the fact that those techniques try to reduce the variance of the predictions of the model. In simple words it means that they try to make predictions smoother. They do no change hyperparameters of the model, they change the function that is use to optimize parameters. Let's see.\n",
    "\n",
    "### l2 regularization\n",
    "\n",
    "Do you remember what metric we have been using when we had evaluated regression model. We have been using MSE:\n",
    "\n",
    "$$MSE(\\hat{Y}) = \\frac{1}{N}\\sum_i^N \\left(y_i - \\hat{y}_i\\right)^2$$\n",
    "\n",
    "At the same time this metric is used when we fit the training data to the model, that is when the train algorithm finds the best parameters. We have not been discussing how exactly it is done, but it is very important to understand that in the case of Linear regression this algorithm is trying to minimize the above function. In this context it is called __loss function__ or __objective function__. \n",
    "\n",
    "It can be a bit confusing so let's repeat it and write it down. While we train the linear model\n",
    "\n",
    "$$\\hat{y} = a_1x_1 + \\ldots + a_nx_n + b$$\n",
    "\n",
    "we call the method\n",
    "```\n",
    "reg.fit(X_train, y_train).\n",
    "```\n",
    "Then the algorithm behind the `fit` tries to find best parameters $a_1, \\ldots, a_n, b$ such the the __loss function__ given by\n",
    "\n",
    "$$l(\\hat{Y}) = \\frac{1}{N}\\sum_i^N \\left(y_i - \\hat{y}_i\\right)^2$$\n",
    "\n",
    "is as small as possible. In other words it is finding global minimum.\n",
    "\n",
    "In this case __loss function__ and __evaluation metrics__ are the same. But it does not have to be that way. It is sometimes not possible to have them being equal, since optimization algorithms often require the loss function to be differentiable. But it also often beneficial to have them different. The first example is $l_1$ regularization. In this case __loss function__ is defined as follows.\n",
    "\n",
    "$$l(\\hat{Y}) = \\frac{1}{N}\\sum_i^N \\left(y_i - \\hat{y}_i\\right)^2 + \\alpha \\sum(a_1^2 + \\ldots + a_n^2)$$\n",
    "\n",
    "A linear model that use this loss function is also called __Ridge__ regression. Let's see how it works. In `sklearn` we have `Ridge` regression class. So what we will do is the following.\n",
    "1. We will prepare data by taking only numerical columns that do not have not defined values.\n",
    "2. We will do `train-dev-test` split.\n",
    "3. We will train standard linear model with it.\n",
    "4. We will train Ridge models using grid search to find the best alpha.\n",
    "5. We compare them.\n",
    "\n",
    "Later we move to $l_1$ regularization."
   ]
  },
  {
   "cell_type": "code",
   "execution_count": 3,
   "metadata": {},
   "outputs": [
    {
     "data": {
      "text/plain": [
       "array(['MSSubClass', 'MSZoning', 'LotFrontage', 'LotArea', 'Street',\n",
       "       'Alley', 'LotShape', 'LandContour', 'Utilities', 'LotConfig',\n",
       "       'LandSlope', 'Neighborhood', 'Condition1', 'Condition2',\n",
       "       'BldgType', 'HouseStyle', 'OverallQual', 'OverallCond',\n",
       "       'YearBuilt', 'YearRemodAdd', 'RoofStyle', 'RoofMatl',\n",
       "       'Exterior1st', 'Exterior2nd', 'MasVnrType', 'MasVnrArea',\n",
       "       'ExterQual', 'ExterCond', 'Foundation', 'BsmtQual', 'BsmtCond',\n",
       "       'BsmtExposure', 'BsmtFinType1', 'BsmtFinSF1', 'BsmtFinType2',\n",
       "       'BsmtFinSF2', 'BsmtUnfSF', 'TotalBsmtSF', 'Heating', 'HeatingQC',\n",
       "       'CentralAir', 'Electrical', '1stFlrSF', '2ndFlrSF', 'LowQualFinSF',\n",
       "       'GrLivArea', 'BsmtFullBath', 'BsmtHalfBath', 'FullBath',\n",
       "       'HalfBath', 'BedroomAbvGr', 'KitchenAbvGr', 'KitchenQual',\n",
       "       'TotRmsAbvGrd', 'Functional', 'Fireplaces', 'FireplaceQu',\n",
       "       'GarageType', 'GarageYrBlt', 'GarageFinish', 'GarageCars',\n",
       "       'GarageArea', 'GarageQual', 'GarageCond', 'PavedDrive',\n",
       "       'WoodDeckSF', 'OpenPorchSF', 'EnclosedPorch', '3SsnPorch',\n",
       "       'ScreenPorch', 'PoolArea', 'PoolQC', 'Fence', 'MiscFeature',\n",
       "       'MiscVal', 'MoSold', 'YrSold', 'SaleType', 'SaleCondition',\n",
       "       'SalePrice'], dtype=object)"
      ]
     },
     "execution_count": 3,
     "metadata": {},
     "output_type": "execute_result"
    }
   ],
   "source": [
    "houses = pd.read_csv(\"data/house-prices-advanced-regression-techniques/train.csv\", index_col=\"Id\")\n",
    "houses.columns.values"
   ]
  },
  {
   "cell_type": "markdown",
   "metadata": {},
   "source": [
    "### Selecting numerical columns"
   ]
  },
  {
   "cell_type": "code",
   "execution_count": 28,
   "metadata": {},
   "outputs": [],
   "source": [
    "all_numeric_columns = ['MSSubClass', 'LotFrontage', 'LotArea', 'OverallQual', 'OverallCond',\n",
    "       'YearBuilt', 'YearRemodAdd',   'MasVnrArea', 'BsmtFinSF1', \n",
    "       'BsmtFinSF2', 'BsmtUnfSF', 'TotalBsmtSF', '1stFlrSF', '2ndFlrSF', 'LowQualFinSF',\n",
    "       'GrLivArea', 'BsmtFullBath', 'BsmtHalfBath', 'FullBath',\n",
    "       'HalfBath', 'BedroomAbvGr', 'KitchenAbvGr', \n",
    "       'TotRmsAbvGrd',  'Fireplaces',  'GarageYrBlt', 'GarageCars',\n",
    "       'GarageArea', \n",
    "       'WoodDeckSF', 'OpenPorchSF', 'EnclosedPorch', '3SsnPorch',\n",
    "       'ScreenPorch', 'PoolArea', \n",
    "       'MiscVal', 'MoSold', 'YrSold', \n",
    "       'SalePrice']\n",
    "all_non_numeric_columns= ['MSZoning', 'Street',\n",
    "       'Alley', 'LotShape', 'LandContour', 'Utilities', 'LotConfig',\n",
    "       'LandSlope', 'Neighborhood', 'Condition1', 'Condition2',\n",
    "       'BldgType', 'HouseStyle', 'RoofStyle', 'RoofMatl',\n",
    "       'Exterior1st', 'Exterior2nd', 'MasVnrType', 'ExterQual', 'ExterCond',\n",
    "        'Foundation', 'BsmtQual', 'BsmtCond',\n",
    "       'BsmtExposure', 'BsmtFinType1', 'BsmtFinType2', 'Heating', 'HeatingQC',\n",
    "       'CentralAir', 'Electrical', 'KitchenQual', 'Functional', 'FireplaceQu',\n",
    "       'GarageType', 'GarageFinish', 'GarageQual', 'GarageCond', 'PavedDrive',\n",
    "        'PoolQC', 'Fence', 'MiscFeature',\n",
    "        'SaleType', 'SaleCondition'             ]\n",
    "numeric_columns =  ['MSSubClass', 'LotArea', 'OverallQual', 'OverallCond',\n",
    "       'YearBuilt', 'YearRemodAdd', 'BsmtFinSF1', 'BsmtFinSF2', 'BsmtUnfSF', \n",
    "       'TotalBsmtSF', '1stFlrSF', '2ndFlrSF', 'LowQualFinSF',\n",
    "       'GrLivArea', 'BsmtFullBath', 'BsmtHalfBath', 'FullBath',\n",
    "       'HalfBath', 'BedroomAbvGr', 'KitchenAbvGr', \n",
    "       'TotRmsAbvGrd',  'Fireplaces', 'GarageCars', 'GarageArea', \n",
    "       'WoodDeckSF', 'OpenPorchSF', 'EnclosedPorch', '3SsnPorch',\n",
    "       'ScreenPorch', 'PoolArea', 'MiscVal', 'MoSold', 'YrSold', 'SalePrice']"
   ]
  },
  {
   "cell_type": "code",
   "execution_count": 29,
   "metadata": {},
   "outputs": [],
   "source": [
    "Xy = houses[numeric_columns]\n",
    "target_col = \"SalePrice\""
   ]
  },
  {
   "cell_type": "markdown",
   "metadata": {},
   "source": [
    "### Detecting columns with not defined values and removing them"
   ]
  },
  {
   "cell_type": "code",
   "execution_count": 30,
   "metadata": {},
   "outputs": [],
   "source": [
    "cols_with_na = []\n",
    "for col in Xy.columns.values:\n",
    "    nas = sum(Xy[col].isna())\n",
    "    if nas > 0:\n",
    "        cols_with_na.append(col)\n",
    "        print(col, sum(Xy[col].isna()))\n",
    "        \n",
    "Xy = Xy.drop(cols_with_na, axis=1)"
   ]
  },
  {
   "cell_type": "markdown",
   "metadata": {},
   "source": [
    "## Train-dev-test split"
   ]
  },
  {
   "cell_type": "code",
   "execution_count": 31,
   "metadata": {},
   "outputs": [],
   "source": [
    "X = Xy.drop(target_col, axis=1)\n",
    "y = Xy[target_col]\n",
    "\n",
    "X_train_dev, X_test, y_train_dev, y_test = train_test_split(X, y, random_state=666, test_size=0.2)\n",
    "X_train, X_dev, y_train, y_dev = train_test_split(X_train_dev, y_train_dev, random_state=667, test_size=0.25)"
   ]
  },
  {
   "cell_type": "markdown",
   "metadata": {},
   "source": [
    "## Linear model"
   ]
  },
  {
   "cell_type": "code",
   "execution_count": 32,
   "metadata": {},
   "outputs": [
    {
     "name": "stdout",
     "output_type": "stream",
     "text": [
      "34385.234048404694\n"
     ]
    }
   ],
   "source": [
    "from sklearn.linear_model import LinearRegression\n",
    "\n",
    "reg = LinearRegression()\n",
    "reg.fit(X_train, y_train)\n",
    "y_dev_hat = reg.predict(X_dev)\n",
    "print(np.sqrt(mean_squared_error(y_dev, y_dev_hat)))"
   ]
  },
  {
   "cell_type": "markdown",
   "metadata": {},
   "source": [
    "## Ridge Regression (l2-normalization)"
   ]
  },
  {
   "cell_type": "code",
   "execution_count": 33,
   "metadata": {},
   "outputs": [
    {
     "name": "stdout",
     "output_type": "stream",
     "text": [
      "34385.21627188204 0.0009765625\n",
      "34385.198497077225 0.001953125\n",
      "34385.16295262101 0.00390625\n",
      "34385.091884315094 0.0078125\n",
      "34384.94983006951 0.015625\n",
      "34384.666050567335 0.03125\n",
      "34384.09980372219 0.0625\n",
      "34382.97252847458 0.125\n",
      "34380.73861305588 0.25\n",
      "34376.35145764797 0.5\n",
      "34367.8856120807 1\n",
      "34352.0838653716 2\n",
      "34324.302917764035 4\n",
      "34280.00538001611 8\n",
      "34218.279686735215 16\n",
      "34144.49706742589 32\n",
      "34073.99183046314 64\n",
      "34054.336869484076 128\n",
      "34206.535653918574 256\n",
      "34711.584549416664 512\n"
     ]
    }
   ],
   "source": [
    "from sklearn.linear_model import Ridge\n",
    "\n",
    "for i in range(-10, 10):\n",
    "    alpha = 2**i\n",
    "    ridge_reg = Ridge(alpha=alpha)\n",
    "    ridge_reg.fit(X_train, y_train)\n",
    "    y_dev_hat = ridge_reg.predict(X_dev)\n",
    "    print(np.sqrt(mean_squared_error(y_dev, y_dev_hat)), alpha)"
   ]
  },
  {
   "cell_type": "markdown",
   "metadata": {},
   "source": [
    "So the best model is the model with alpha 256 and it works a bit better than the standard linear model."
   ]
  },
  {
   "cell_type": "markdown",
   "metadata": {},
   "source": [
    "## Lasso Regression (l1 regularization)\n",
    "\n",
    "In the case of $l_1$-regularization the __loss function__ is defined as follows.\n",
    "\n",
    "$$l(\\hat{Y}) = \\frac{1}{N}\\sum_i^N \\left(y_i - \\hat{y}_i\\right)^2 + \\alpha \\sum(|a_1| + \\ldots + |a_n|)$$\n",
    "\n",
    "The linear model with this loss function is often called Lasso. It has the same name in `sklearn`."
   ]
  },
  {
   "cell_type": "code",
   "execution_count": 34,
   "metadata": {},
   "outputs": [
    {
     "name": "stdout",
     "output_type": "stream",
     "text": [
      "34385.232390226694 0.0009765625\n",
      "34385.23073205115 0.001953125\n",
      "34385.22741571128 0.00390625\n",
      "34385.220783122604 0.0078125\n",
      "34385.20751809857 0.015625\n",
      "34385.18098887226 0.03125\n",
      "34385.12793384828 0.0625\n",
      "34385.021837840366 0.125\n",
      "34384.80970238467 0.25\n",
      "34384.3856600976 0.5\n",
      "34383.53847847767 1\n",
      "34381.84771210018 2\n",
      "34378.480581855554 4\n",
      "34371.80402161136 8\n",
      "34358.681686191914 16\n",
      "34333.360856228275 32\n",
      "34286.429998580745 64\n",
      "34223.5487321279 128\n",
      "34173.03689578013 256\n",
      "34221.15737373851 512\n"
     ]
    }
   ],
   "source": [
    "from sklearn.linear_model import Lasso\n",
    "\n",
    "for i in range(-10, 10):\n",
    "    alpha = 2**i\n",
    "    lasso_reg = Lasso(alpha=alpha)\n",
    "    lasso_reg.fit(X_train, y_train)\n",
    "    y_dev_hat = lasso_reg.predict(X_dev)\n",
    "    print(np.sqrt(mean_squared_error(y_dev, y_dev_hat)), alpha)"
   ]
  },
  {
   "cell_type": "markdown",
   "metadata": {},
   "source": [
    "Here the best parameter seems to be 128. \n",
    "\n",
    "### l1 regularization nulls the coefficients \n",
    "\n",
    "There is an interesting effect when of l1 regularization. To observe it, let's train the model with high alpha = 100000. Then let's look at coefficients. One can observe that most of them where actually nulled."
   ]
  },
  {
   "cell_type": "code",
   "execution_count": 35,
   "metadata": {},
   "outputs": [
    {
     "data": {
      "text/plain": [
       "array([-5.32584635e+01,  1.84814242e-01,  0.00000000e+00,  0.00000000e+00,\n",
       "        4.61600753e+02,  3.77706089e+02,  1.25281624e+01,  0.00000000e+00,\n",
       "       -0.00000000e+00,  2.42549189e+01,  0.00000000e+00,  0.00000000e+00,\n",
       "        0.00000000e+00,  6.60391554e+01,  0.00000000e+00, -0.00000000e+00,\n",
       "        0.00000000e+00,  0.00000000e+00, -0.00000000e+00, -0.00000000e+00,\n",
       "        0.00000000e+00,  0.00000000e+00,  0.00000000e+00,  5.98967107e+01,\n",
       "        3.91127200e+01, -0.00000000e+00,  0.00000000e+00,  0.00000000e+00,\n",
       "        6.25981928e+01, -1.63844160e+02, -5.90782181e+00,  0.00000000e+00,\n",
       "       -0.00000000e+00])"
      ]
     },
     "execution_count": 35,
     "metadata": {},
     "output_type": "execute_result"
    }
   ],
   "source": [
    "lasso_reg = Lasso(alpha=100000)\n",
    "lasso_reg.fit(X_train, y_train)\n",
    "lasso_reg.coef_"
   ]
  },
  {
   "cell_type": "markdown",
   "metadata": {},
   "source": [
    "## Elastic Net: both regularization at the same time \n",
    "\n",
    "We can also have them both at the same time. In this case the __loss function__ is defined as follows.\n",
    "\n",
    "$$l(\\hat{Y}) = \\frac{1}{N}\\sum_i^N \\left(y_i - \\hat{y}_i\\right)^2 + \n",
    "\\alpha_1 \\sum(|a_1| + \\ldots + |a_n|)+\n",
    "\\alpha_1 \\sum((a_1)^2 + \\ldots + (a_n)^2)\n",
    "$$\n",
    "\n",
    "The linear model with this loss function is often called Elastic Net. \n",
    "\n",
    "It has the name `ElasticNet` in `sklearn`. It also has two parameters, but they are not $\\alpha_1$ and $\\alpha_2$. They are called `alpha` and `l1_ratio`. Then the relation between them is the following:\n",
    "\n",
    "$$\\alpha_1 = \\texttt{alpha}\\cdot\\texttt{l1_ratio}$$\n",
    "\n",
    "$$\\alpha_2 = \\texttt{alpha}\\cdot(\\texttt{1 - l1_ratio})$$\n",
    "\n",
    "The following code shows how to use `ElasticNet` class from `sklearn`."
   ]
  },
  {
   "cell_type": "code",
   "execution_count": null,
   "metadata": {},
   "outputs": [],
   "source": [
    "from sklearn.linear_model import ElasticNet\n",
    "import warnings\n",
    "warnings.filterwarnings(\"ignore\")\n",
    "alpha_ratio_score = []\n",
    "\n",
    "for i in range(-10, 10):\n",
    "    for j in range(20):\n",
    "        alpha = 2**i\n",
    "        l1_ratio = 0.6**j\n",
    "        en_reg = ElasticNet(alpha=alpha, l1_ratio=l1_ratio)\n",
    "        en_reg.fit(X_train, y_train)\n",
    "        y_dev_hat = en_reg.predict(X_dev)\n",
    "        alpha_ratio_score.append([alpha, l1_ratio, np.sqrt(mean_squared_error(y_dev, y_dev_hat)), alpha, l1_ratio])\n",
    "        \n",
    "scores = pd.DataFrame({\n",
    "    \"alpha\": [ars[0] for ars in alpha_ratio_score],\n",
    "    \"ratio\": [ars[1] for ars in alpha_ratio_score],\n",
    "    \"score\": [ars[2] for ars in alpha_ratio_score]\n",
    "})"
   ]
  },
  {
   "cell_type": "code",
   "execution_count": null,
   "metadata": {
    "scrolled": true
   },
   "outputs": [],
   "source": [
    "scores.sort_values('score').head()"
   ]
  },
  {
   "cell_type": "code",
   "execution_count": 40,
   "metadata": {},
   "outputs": [
    {
     "data": {
      "text/html": [
       "<script type=\"text/javascript\">window.PlotlyConfig = {MathJaxConfig: 'local'};</script><script type=\"text/javascript\">if (window.MathJax) {MathJax.Hub.Config({SVG: {font: \"STIX-Web\"}});}</script><script>requirejs.config({paths: { 'plotly': ['https://cdn.plot.ly/plotly-latest.min']},});if(!window._Plotly) {require(['plotly'],function(plotly) {window._Plotly=plotly;});}</script>"
      ],
      "text/vnd.plotly.v1+html": [
       "<script type=\"text/javascript\">window.PlotlyConfig = {MathJaxConfig: 'local'};</script><script type=\"text/javascript\">if (window.MathJax) {MathJax.Hub.Config({SVG: {font: \"STIX-Web\"}});}</script><script>requirejs.config({paths: { 'plotly': ['https://cdn.plot.ly/plotly-latest.min']},});if(!window._Plotly) {require(['plotly'],function(plotly) {window._Plotly=plotly;});}</script>"
      ]
     },
     "metadata": {},
     "output_type": "display_data"
    },
    {
     "data": {
      "application/vnd.plotly.v1+json": {
       "config": {
        "linkText": "Export to plot.ly",
        "plotlyServerURL": "https://plot.ly",
        "showLink": false
       },
       "data": [
        {
         "type": "heatmap",
         "uid": "a7129651-f238-45ef-8fa7-53255e2d9384",
         "z": [
          [
           1,
           -0.13978108172014636,
           0.032627707521842186,
           -0.05931581708410461,
           0.027850136946706617,
           0.0405810447840647,
           -0.06983574916710103,
           -0.06564857918852456,
           -0.14075948083501214,
           -0.23851840931512,
           -0.2517583518783804,
           0.30788572075985965,
           0.04647375589951825,
           0.07485317965779979,
           0.00349102577904494,
           -0.0023325345518021793,
           0.13160822241028183,
           0.17735438864391526,
           -0.02343802846062763,
           0.281721040264881,
           0.04038006478367577,
           -0.045569340274569284,
           -0.04010979313578374,
           -0.09867154319256446,
           -0.012579358249219704,
           -0.0061001212319422415,
           -0.012036621902094572,
           -0.04382454917560825,
           -0.026030176699806493,
           0.008282707579624323,
           -0.007683291329866207,
           -0.013584643238322446,
           -0.021407037851093803,
           -0.08428413512659523
          ],
          [
           -0.13978108172014636,
           1,
           0.10580574175496442,
           -0.005636270274099174,
           0.014227651757024678,
           0.013788427078154822,
           0.21410313070557835,
           0.11116974549624932,
           -0.0026183599500954335,
           0.26083313454515794,
           0.29947457850776354,
           0.05098594829349351,
           0.004778969866349652,
           0.26311616716714836,
           0.1581545310600175,
           0.048045570888297716,
           0.1260306265196434,
           0.014259468566431727,
           0.11968990815131679,
           -0.017783870504841866,
           0.19001477762540772,
           0.2713640096245405,
           0.15487073975354074,
           0.18040275515111656,
           0.17169768725711357,
           0.08477380884021646,
           -0.018339733672212276,
           0.020422829586133177,
           0.043160377695251814,
           0.07767239188017415,
           0.03806769201918441,
           0.0012049882225877388,
           -0.014261407298531923,
           0.2638433538714063
          ],
          [
           0.032627707521842186,
           0.10580574175496442,
           1,
           -0.09193234263907184,
           0.572322768962362,
           0.550683924194174,
           0.23966596617889305,
           -0.05911869267069023,
           0.30815892690564345,
           0.5378084986123927,
           0.4762238290781775,
           0.29549287919971035,
           -0.03042928397960494,
           0.5930074300286511,
           0.11109778614230408,
           -0.04015015766998875,
           0.5505997093682552,
           0.27345809864277076,
           0.10167635624178653,
           -0.18388223454922223,
           0.42745234327798615,
           0.39676503795208756,
           0.6006707165907189,
           0.5620217566126064,
           0.23892339224919107,
           0.30881882335945265,
           -0.11393685859568092,
           0.03037056713526411,
           0.06488636049351724,
           0.06516584360589141,
           -0.03140621050074753,
           0.07081517178517302,
           -0.02734670832780769,
           0.7909816005838047
          ],
          [
           -0.05931581708410461,
           -0.005636270274099174,
           -0.09193234263907184,
           1,
           -0.37598319560698873,
           0.07374149814528969,
           -0.046230855918224914,
           0.04022916989976808,
           -0.1368405698935219,
           -0.17109751462492115,
           -0.1442027840490588,
           0.028942115965816365,
           0.025494319914214247,
           -0.07968586538833754,
           -0.054941515432952504,
           0.117820915081395,
           -0.19414948874930252,
           -0.06076932676159386,
           0.012980060094550657,
           -0.08700085543637874,
           -0.05758316611286472,
           -0.02381997776166174,
           -0.1857575105783602,
           -0.1515213705702289,
           -0.00333369928938553,
           -0.03258881352158479,
           0.07035618448230385,
           0.025503660024131836,
           0.05481052878611371,
           -0.0019849422681843475,
           0.06877680605724883,
           -0.0035108385999397577,
           0.043949745692480675,
           -0.0778558940486776
          ],
          [
           0.027850136946706617,
           0.014227651757024678,
           0.572322768962362,
           -0.37598319560698873,
           1,
           0.5928549763436497,
           0.24950319668479937,
           -0.049106831196239806,
           0.14904039195440044,
           0.39145200206609476,
           0.28198585869980175,
           0.01030765958436373,
           -0.18378434437372668,
           0.1990097136764581,
           0.1875985499971459,
           -0.038161805671233694,
           0.4682707871726734,
           0.24265591024106203,
           -0.07065121690473095,
           -0.1748002456149784,
           0.0955891282979514,
           0.1477163994124546,
           0.5378500917111045,
           0.4789538198934912,
           0.22488014230399725,
           0.18868584000173075,
           -0.38726778292807656,
           0.03135451306436335,
           -0.05036443453861163,
           0.00494972761594348,
           -0.03438313873672352,
           0.012398470595442182,
           -0.013617680001842058,
           0.5228973328794967
          ],
          [
           0.0405810447840647,
           0.013788427078154822,
           0.550683924194174,
           0.07374149814528969,
           0.5928549763436497,
           1,
           0.12845054712828968,
           -0.06775851356598678,
           0.18113308705016823,
           0.29106558260416654,
           0.24037926760355563,
           0.14002377880486408,
           -0.0624191000783343,
           0.28738851965033274,
           0.1194698791112425,
           -0.01233703212779989,
           0.43904648387234635,
           0.18333061171853401,
           -0.04058092806774957,
           -0.14959752104274765,
           0.1917398162928071,
           0.11258131843947493,
           0.4206221549432185,
           0.371599809497309,
           0.20572592049010316,
           0.2262976326829877,
           -0.19391914709920693,
           0.04528580981497537,
           -0.03874001074260982,
           0.0058293720371077355,
           -0.010286248783081717,
           0.021490002226876855,
           0.03574324712128322,
           0.5071009671113867
          ],
          [
           -0.06983574916710103,
           0.21410313070557835,
           0.23966596617889305,
           -0.046230855918224914,
           0.24950319668479937,
           0.12845054712828968,
           1,
           -0.05011740004715191,
           -0.49525146925701485,
           0.5223960519923907,
           0.4458626560920095,
           -0.13707898608005406,
           -0.0645025969214698,
           0.20817113014532806,
           0.6492117535742737,
           0.0674184779101191,
           0.058543136861595575,
           0.004262424384486897,
           -0.10735467682307238,
           -0.08100685077857563,
           0.0443156239129205,
           0.2600109202350418,
           0.22405352239399126,
           0.29697038534451464,
           0.20430614523740545,
           0.11176061335675173,
           -0.10230330550073302,
           0.026450506189898835,
           0.06202062266535013,
           0.14049128625495722,
           0.003571473474954832,
           -0.015726948262154733,
           0.014358922393912487,
           0.38641980624215627
          ],
          [
           -0.06564857918852456,
           0.11116974549624932,
           -0.05911869267069023,
           0.04022916989976808,
           -0.049106831196239806,
           -0.06775851356598678,
           -0.05011740004715191,
           1,
           -0.20929449241994658,
           0.10480953760636849,
           0.09711744845667107,
           -0.09926031602264533,
           0.014806997946834337,
           -0.00963989155180548,
           0.15867806078170232,
           0.07094813365590494,
           -0.07644386196518434,
           -0.032147837468965525,
           -0.015728113626581382,
           -0.040751236448406995,
           -0.035226547947523404,
           0.0469207088260135,
           -0.038263512869251774,
           -0.018226591907316646,
           0.06789832641361276,
           0.0030925622098945888,
           0.03654333944820929,
           -0.029993397993919868,
           0.08887125137339077,
           0.041709054681333034,
           0.0049397812284377755,
           -0.015210737972006717,
           0.03170563698488748,
           -0.011378121450215216
          ],
          [
           -0.14075948083501214,
           -0.0026183599500954335,
           0.30815892690564345,
           -0.1368405698935219,
           0.14904039195440044,
           0.18113308705016823,
           -0.49525146925701485,
           -0.20929449241994658,
           1,
           0.41535960518158943,
           0.3179874383527257,
           0.004469092144542394,
           0.028166688132741903,
           0.24025726834993516,
           -0.4229004773832192,
           -0.09580428815248464,
           0.2888860554869107,
           -0.041117530144551086,
           0.16664331698696383,
           0.030085868314000223,
           0.25064706137624776,
           0.051574882289541504,
           0.21417518975021707,
           0.18330269774258381,
           -0.005316424333062044,
           0.1290054146154213,
           -0.0025378545897515683,
           0.02076400569654775,
           -0.012579273444256776,
           -0.035092240793657865,
           -0.02383664513450834,
           0.03488844300908199,
           -0.041258194938762024,
           0.214479105546969
          ],
          [
           -0.23851840931512,
           0.26083313454515794,
           0.5378084986123927,
           -0.17109751462492115,
           0.39145200206609476,
           0.29106558260416654,
           0.5223960519923907,
           0.10480953760636849,
           0.41535960518158943,
           1,
           0.8195299750050355,
           -0.17451195013495976,
           -0.03324538734745721,
           0.4548682025479028,
           0.30735055373550824,
           -0.00031458181983372096,
           0.32372241360664983,
           -0.048803738635211875,
           0.05044995551267859,
           -0.06890064264201692,
           0.2855725637257923,
           0.3395193238986534,
           0.43458483429168826,
           0.48666546377379655,
           0.23201860912901978,
           0.2472637462881077,
           -0.0954777367064077,
           0.03738372726300451,
           0.08448898591431103,
           0.12605313210083696,
           -0.018478922431472533,
           0.013196178616778513,
           -0.01496864801875107,
           0.6135805515591944
          ],
          [
           -0.2517583518783804,
           0.29947457850776354,
           0.4762238290781775,
           -0.1442027840490588,
           0.28198585869980175,
           0.24037926760355563,
           0.4458626560920095,
           0.09711744845667107,
           0.3179874383527257,
           0.8195299750050355,
           1,
           -0.20264618100231988,
           -0.014240672666431465,
           0.5660239689357487,
           0.24467110424771435,
           0.001955653582048776,
           0.38063749497350763,
           -0.11991590879396018,
           0.12740074939236587,
           0.06810058817691354,
           0.40951597886682883,
           0.41053108465984434,
           0.43931680799067063,
           0.4897816541041915,
           0.23545862278369958,
           0.21167122549798492,
           -0.06529170091030902,
           0.05610437448487474,
           0.0887580726201564,
           0.13152497564028195,
           -0.02109571946312286,
           0.031371560352079074,
           -0.013603770504648229,
           0.6058521846919166
          ],
          [
           0.30788572075985965,
           0.05098594829349351,
           0.29549287919971035,
           0.028942115965816365,
           0.01030765958436373,
           0.14002377880486408,
           -0.13707898608005406,
           -0.09926031602264533,
           0.004469092144542394,
           -0.17451195013495976,
           -0.20264618100231988,
           1,
           0.06335295010932407,
           0.6875010641666008,
           -0.16949395173100076,
           -0.02385478393704534,
           0.42137798287597156,
           0.6097073002717444,
           0.5029006133459021,
           0.05930575264821606,
           0.6164226354915353,
           0.1945608922413219,
           0.18392558307637655,
           0.1383469585718656,
           0.09216541758603838,
           0.2080260631813553,
           0.061988690773251,
           -0.0243576484220475,
           0.04060644764100074,
           0.08148687804909924,
           0.01619687460438891,
           0.03516442736179051,
           -0.028699913935284663,
           0.31933380283206614
          ],
          [
           0.04647375589951825,
           0.004778969866349652,
           -0.03042928397960494,
           0.025494319914214247,
           -0.18378434437372668,
           -0.0624191000783343,
           -0.0645025969214698,
           0.014806997946834337,
           0.028166688132741903,
           -0.03324538734745721,
           -0.014240672666431465,
           0.06335295010932407,
           1,
           0.13468281300660345,
           -0.04714342189826147,
           -0.005841504819311943,
           -0.0007095096206728,
           -0.02708004931716963,
           0.10560656854090972,
           0.007521744344234544,
           0.1311847759895512,
           -0.0212721434139402,
           -0.09447952015593507,
           -0.06760141323952353,
           -0.025443647988792197,
           0.0182510390539997,
           0.06108123777122828,
           -0.004295610410300117,
           0.026799413021772037,
           0.062157372269196445,
           -0.0037928707799966834,
           -0.02217396057953832,
           -0.028920879782297997,
           -0.02560613000068015
          ],
          [
           0.07485317965779979,
           0.26311616716714836,
           0.5930074300286511,
           -0.07968586538833754,
           0.1990097136764581,
           0.28738851965033274,
           0.20817113014532806,
           -0.00963989155180548,
           0.24025726834993516,
           0.4548682025479028,
           0.5660239689357487,
           0.6875010641666008,
           0.13468281300660345,
           1,
           0.0348360495449059,
           -0.018918483170635034,
           0.6300116462511144,
           0.41577163610526024,
           0.5212695109189988,
           0.1000631647377552,
           0.8254893743088377,
           0.46167913376144376,
           0.46724741879518455,
           0.4689974773229643,
           0.24743282051884927,
           0.3302239617119999,
           0.009113210326003124,
           0.0206431897101862,
           0.10151039568208489,
           0.1702053360005609,
           -0.0024156395502937167,
           0.05023968081827258,
           -0.036525819624723004,
           0.7086244776126511
          ],
          [
           0.00349102577904494,
           0.1581545310600175,
           0.11109778614230408,
           -0.054941515432952504,
           0.1875985499971459,
           0.1194698791112425,
           0.6492117535742737,
           0.15867806078170232,
           -0.4229004773832192,
           0.30735055373550824,
           0.24467110424771435,
           -0.16949395173100076,
           -0.04714342189826147,
           0.0348360495449059,
           1,
           -0.14787096054760482,
           -0.0645120486313163,
           -0.030904959142533415,
           -0.15067280920796106,
           -0.041502546431483184,
           -0.05327523612339759,
           0.13792770842720137,
           0.13188122440619826,
           0.17918948042023325,
           0.1753151900797277,
           0.067341461376983,
           -0.04991064908375369,
           -0.00010609153998427328,
           0.023147725763573823,
           0.06761555618047593,
           -0.023047024868617455,
           -0.025360894315260153,
           0.06704913767140783,
           0.22712223313149718
          ],
          [
           -0.0023325345518021793,
           0.048045570888297716,
           -0.04015015766998875,
           0.117820915081395,
           -0.038161805671233694,
           -0.01233703212779989,
           0.0674184779101191,
           0.07094813365590494,
           -0.09580428815248464,
           -0.00031458181983372096,
           0.001955653582048776,
           -0.02385478393704534,
           -0.005841504819311943,
           -0.018918483170635034,
           -0.14787096054760482,
           1,
           -0.05453581198363702,
           -0.012339900052275348,
           0.04651884838995185,
           -0.03794435022720132,
           -0.023836341262220805,
           0.028975586646260102,
           -0.02089105899687898,
           -0.024535579578879658,
           0.04016122325953598,
           -0.025323757889057975,
           -0.008555333868578433,
           0.03511363088677233,
           0.03212140720908456,
           0.020024629838516175,
           -0.007366524543625966,
           0.03287270523409076,
           -0.04652388177402218,
           -0.016844154297359294
          ],
          [
           0.13160822241028183,
           0.1260306265196434,
           0.5505997093682552,
           -0.19414948874930252,
           0.4682707871726734,
           0.43904648387234635,
           0.058543136861595575,
           -0.07644386196518434,
           0.2888860554869107,
           0.32372241360664983,
           0.38063749497350763,
           0.42137798287597156,
           -0.0007095096206728,
           0.6300116462511144,
           -0.0645120486313163,
           -0.05453581198363702,
           1,
           0.13638058874914522,
           0.3632519830232792,
           0.13311521419603795,
           0.5547842535334817,
           0.24367050307991178,
           0.4696720432676313,
           0.4056562084540095,
           0.18770321383582753,
           0.25997742546825087,
           -0.11509296346134372,
           0.03535301658385324,
           -0.008106093328111913,
           0.04960382558403352,
           -0.01428984497085004,
           0.05587212899172362,
           -0.019668840691523498,
           0.5606637627484452
          ],
          [
           0.17735438864391526,
           0.014259468566431727,
           0.27345809864277076,
           -0.06076932676159386,
           0.24265591024106203,
           0.18333061171853401,
           0.004262424384486897,
           -0.032147837468965525,
           -0.041117530144551086,
           -0.048803738635211875,
           -0.11991590879396018,
           0.6097073002717444,
           -0.02708004931716963,
           0.41577163610526024,
           -0.030904959142533415,
           -0.012339900052275348,
           0.13638058874914522,
           1,
           0.22665148415094155,
           -0.06826254889694165,
           0.34341485754091505,
           0.20364850809521526,
           0.2191781521671551,
           0.16354936401660505,
           0.10808030267536159,
           0.1997401475127926,
           -0.0953165257360886,
           -0.004972488417316253,
           0.07242584517037905,
           0.022381498055409857,
           0.0012901448492835638,
           -0.009049888212650297,
           -0.010268668868104026,
           0.2841076755947784
          ],
          [
           -0.02343802846062763,
           0.11968990815131679,
           0.10167635624178653,
           0.012980060094550657,
           -0.07065121690473095,
           -0.04058092806774957,
           -0.10735467682307238,
           -0.015728113626581382,
           0.16664331698696383,
           0.05044995551267859,
           0.12740074939236587,
           0.5029006133459021,
           0.10560656854090972,
           0.5212695109189988,
           -0.15067280920796106,
           0.04651884838995185,
           0.3632519830232792,
           0.22665148415094155,
           1,
           0.19859675770713586,
           0.6766199357426479,
           0.10756968099132405,
           0.08610643768835352,
           0.06525252989881658,
           0.04685377306989432,
           0.09380957160591488,
           0.041570434519598465,
           -0.02447779636611465,
           0.04429969112713488,
           0.0707025835654749,
           0.007766971998717766,
           0.04654385993628257,
           -0.03601389283371496,
           0.1682131543007415
          ],
          [
           0.281721040264881,
           -0.017783870504841866,
           -0.18388223454922223,
           -0.08700085543637874,
           -0.1748002456149784,
           -0.14959752104274765,
           -0.08100685077857563,
           -0.040751236448406995,
           0.030085868314000223,
           -0.06890064264201692,
           0.06810058817691354,
