{
 "cells": [
  {
   "cell_type": "raw",
   "metadata": {},
   "source": [
    "---\n",
    "layout: post\n",
    "comments: true\n",
    "title:  \"Machine Learning Part 6: Feature Selection And Regularization\"\n",
    "date:   2019-02-20 08:00:00 +0200\n",
    "categories: ml python sklearn\n",
    "---"
   ]
  },
  {
   "cell_type": "markdown",
   "metadata": {},
   "source": [
    "In  [Machine Learning Part 3: How to choose best multiple linear model]({% post_url 2019-02-16-How-to-choose-best-model %}) we have explained how to choose best model by trying all possible combinations of features or using step feature selection (Exercise 2). This often impossible or very expensive to do due to, for example, large number of features, or the algorithm we use is complicated and it takes lots of time to try them all. So there is a fast way that often leads to good results and it based on correlation.\n",
    "\n",
    "## Forward selection using correlation\n",
    "\n",
    "The idea behind this approach is very simple. First we choose variables that are the most correlated to the target variable. This way we choose variables that are more likely influence the model the most. Then additionally we remove variables that are strongly correlated with each other. This should remove noise from the model.\n",
    "\n",
    "Let's see it with example. First we read data and add target column to the the rest of data. Then we calculate the correlation matrix."
   ]
  },
  {
   "cell_type": "code",
   "execution_count": 91,
   "metadata": {},
   "outputs": [],
   "source": [
    "import pandas as pd\n",
    "from sklearn.model_selection import train_test_split\n",
    "from sklearn.linear_model import LinearRegression, LogisticRegression\n",
    "from sklearn.metrics import roc_auc_score, recall_score, precision_score\n",
    "from sklearn.datasets import load_breast_cancer\n",
    "\n",
    "\n",
    "data = load_breast_cancer()\n",
    "\n",
    "X = data.data\n",
    "y = data.target == 0 # if zero then we detect malignant tumor.\n",
    "labels = data.feature_names.tolist()\n",
    "\n",
    "Xy = pd.DataFrame(X.copy(), columns=labels)\n",
    "Xy['target'] = y.astype(int)\n",
    "labels.append('target')\n",
    "\n",
    "# Compute the correlation matrix\n",
    "corr_matrix = Xy.corr()"
   ]
  },
  {
   "cell_type": "markdown",
   "metadata": {},
   "source": [
    "Let's plot it to have an idea what we deal with. For that we use very good package called `plotly` it allows to interact with the plot by hovering over it."
   ]
  },
  {
   "cell_type": "code",
   "execution_count": 64,
   "metadata": {},
   "outputs": [
    {
     "data": {
      "text/html": [
       "<script type=\"text/javascript\">window.PlotlyConfig = {MathJaxConfig: 'local'};</script><script type=\"text/javascript\">if (window.MathJax) {MathJax.Hub.Config({SVG: {font: \"STIX-Web\"}});}</script><script>requirejs.config({paths: { 'plotly': ['https://cdn.plot.ly/plotly-latest.min']},});if(!window._Plotly) {require(['plotly'],function(plotly) {window._Plotly=plotly;});}</script>"
      ],
      "text/vnd.plotly.v1+html": [
       "<script type=\"text/javascript\">window.PlotlyConfig = {MathJaxConfig: 'local'};</script><script type=\"text/javascript\">if (window.MathJax) {MathJax.Hub.Config({SVG: {font: \"STIX-Web\"}});}</script><script>requirejs.config({paths: { 'plotly': ['https://cdn.plot.ly/plotly-latest.min']},});if(!window._Plotly) {require(['plotly'],function(plotly) {window._Plotly=plotly;});}</script>"
      ]
     },
     "metadata": {},
     "output_type": "display_data"
    },
    {
     "data": {
      "application/vnd.plotly.v1+json": {
       "config": {
        "linkText": "Export to plot.ly",
        "plotlyServerURL": "https://plot.ly",
        "showLink": false
       },
       "data": [
        {
         "type": "heatmap",
         "uid": "42e03216-c496-4eda-81f7-a57d77a908a5",
         "z": [
          [
           1,
           0.32378189092773274,
           0.9978552814938113,
           0.9873571700566119,
           0.1705811874929947,
           0.5061235775263626,
           0.6767635503908116,
           0.8225285223871791,
           0.1477412419926022,
           -0.31163082630929023,
           0.6790903880020752,
           -0.09731744314481339,
           0.6741716157641063,
           0.7358636632128175,
           -0.22260012458211118,
           0.20599998040769918,
           0.19420362276150901,
           0.3761689559399256,
           -0.10432088141786555,
           -0.04264126911445617,
           0.9695389726112053,
           0.2970076439863734,
           0.9651365139559878,
           0.9410824595860459,
           0.11961613992160851,
           0.4134628230608024,
           0.5269114618385443,
           0.7442141978674656,
           0.16395333493630726,
           0.007065885692182551,
           0.7300285113754569
          ],
          [
           0.32378189092773274,
           1,
           0.3295330586865708,
           0.321085696080207,
           -0.02338851599842356,
           0.2367022220743719,
           0.3024178279438913,
           0.2934640513139425,
           0.07140098048331711,
           -0.07643718344813386,
           0.27586867617376215,
           0.3863576227244903,
           0.28167311478720247,
           0.2598449866100983,
           0.006613777353585308,
           0.19197461132396668,
           0.14329307656049844,
           0.16385102528521825,
           0.009127167755036027,
           0.05445751956893366,
           0.3525729471502958,
           0.9120445888404215,
           0.35803957505322437,
           0.3435459471864692,
           0.07750335882212896,
           0.2778295924789796,
           0.3010252238164908,
           0.2953158433377365,
           0.10500791031597177,
           0.1192053513970854,
           0.4151852998452046
          ],
          [
           0.9978552814938113,
           0.3295330586865708,
           1,
           0.9865068039913906,
           0.20727816369100655,
           0.556936210879562,
           0.7161356501174044,
           0.8509770412528199,
           0.18302721211685288,
           -0.2614769080663338,
           0.6917650135334821,
           -0.0867610783117949,
           0.693134889540866,
           0.7449826941190679,
           -0.20269402629832203,
           0.2507436807405883,
           0.22808234539365801,
           0.4072169159986187,
           -0.0816293270283995,
           -0.005523391057003977,
           0.9694763634663142,
           0.30303837155714997,
           0.9703868870426388,
           0.9415498080023057,
           0.15054940431703726,
           0.455774228038327,
           0.5638792634736616,
           0.7712407893605479,
           0.18911504046245725,
           0.051018529723406605,
           0.742635529725833
          ],
          [
           0.9873571700566119,
           0.321085696080207,
           0.9865068039913906,
           1,
           0.17702837725400133,
           0.49850168215241164,
           0.6859828285519113,
           0.823268868652435,
           0.1512930790351123,
           -0.28310981169142646,
           0.7325622269972976,
           -0.06628021360457748,
           0.7266283277906854,
           0.8000859212343217,
           -0.16677666660111248,
           0.21258255077923294,
           0.20766006048256935,
           0.37232028233071024,
           -0.07249658821176269,
           -0.01988696323506803,
           0.9627460860470841,
           0.2874886271213974,
           0.959119574355266,
           0.9592133256499006,
           0.12352293875557119,
           0.3904103092424995,
           0.5126059204433245,
           0.722016626260358,
           0.14356991388907142,
           0.0037375973515715705,
           0.7089838365853909
          ],
          [
           0.1705811874929947,
           -0.02338851599842356,
           0.20727816369100655,
           0.17702837725400133,
           1,
           0.6591232152159215,
           0.5219837677142599,
           0.5536951727437603,
           0.557774788072887,
           0.5847920019499777,
           0.3014670982531695,
           0.06840644817118247,
           0.29609193289351476,
           0.24655243166573584,
           0.3323754426475922,
           0.3189432967053789,
           0.24839567988255556,
           0.3806756909832853,
           0.20077437592048303,
           0.2836066985468851,
           0.21312014189594874,
           0.036071798785646286,
           0.2388526262091505,
           0.20671836342857636,
           0.8053241954943632,
           0.4724684437304438,
           0.43492571472508657,
           0.50305335329895,
           0.3943094818117564,
           0.49931636859376616,
           0.35855996508593224
          ],
          [
           0.5061235775263626,
           0.2367022220743719,
           0.556936210879562,
           0.49850168215241164,
           0.6591232152159215,
           1,
           0.8831206701772499,
           0.8311350431336992,
           0.602641048405516,
           0.5653686634145226,
           0.4974734460850615,
           0.04620483071640683,
           0.5489052645888235,
           0.45565285198788913,
           0.13529926770047151,
           0.7387217896603925,
           0.5705168714898888,
           0.6422618509716463,
           0.22997659080143187,
           0.5073181269004222,
           0.5353153982176657,
           0.24813283327741745,
           0.590210427731298,
           0.5096038055579197,
           0.5655411663750876,
           0.8658090398022638,
           0.8162752498000281,
           0.8155732235690654,
           0.5102234299218059,
           0.6873823227538961,
           0.596533677508253
          ],
          [
           0.6767635503908116,
           0.3024178279438913,
           0.7161356501174044,
           0.6859828285519113,
           0.5219837677142599,
           0.8831206701772499,
           1,
           0.9213910263788593,
           0.5006666171419625,
           0.3367833594211849,
           0.6319248221414899,
           0.07621834813534009,
           0.6603907872419621,
           0.6174268058452416,
           0.09856374579911732,
           0.6702788246430198,
           0.6912702075448518,
           0.6832599165123265,
           0.17800920792087796,
           0.4493007490503387,
           0.6882364076436723,
           0.29987888870969104,
           0.7295649165132022,
           0.6759872313060878,
           0.448822038404761,
           0.7549680159063971,
           0.8841026390943832,
           0.8613230336379504,
           0.40946412653998593,
           0.5149298906363865,
           0.6963597071719053
          ],
          [
           0.8225285223871791,
           0.2934640513139425,
           0.8509770412528199,
           0.823268868652435,
           0.5536951727437603,
           0.8311350431336992,
           0.9213910263788593,
           1,
           0.4624973883673589,
           0.16691738322699218,
           0.6980498335607405,
           0.02147958192340165,
           0.710649871613899,
           0.6902985397595536,
           0.027653308387136175,
           0.49042424959357267,
           0.4391670684742617,
           0.6156341308969191,
           0.09535078688667677,
           0.25758374624303326,
           0.8303176311186148,
           0.2927517130015175,
           0.8559231281343112,
           0.8096296199096176,
           0.4527530541790488,
           0.6674536768257114,
           0.7523994975749646,
           0.9101553142985934,
           0.37574414542361134,
           0.36866113371677073,
           0.7766138400204361
          ],
          [
           0.1477412419926022,
           0.07140098048331711,
           0.18302721211685288,
           0.1512930790351123,
           0.557774788072887,
           0.602641048405516,
           0.5006666171419625,
           0.4624973883673589,
           1,
           0.47992133005096893,
           0.30337926320726255,
           0.12805292634025622,
           0.31389276079651346,
           0.2239702194176301,
           0.18732116526139064,
           0.421659147005011,
           0.34262702307772064,
           0.3932978720890168,
           0.4491365423934293,
           0.3317861462731242,
           0.18572775349568774,
           0.0906506881166427,
           0.21916855911105804,
           0.17719337737409693,
           0.4266750263849472,
           0.47320001324461836,
           0.4337210075901724,
           0.4302966114579541,
           0.6998257976437319,
           0.438413498444603,
           0.3304985542625467
          ],
          [
           -0.31163082630929023,
           -0.07643718344813386,
           -0.2614769080663338,
           -0.28310981169142646,
           0.5847920019499777,
           0.5653686634145226,
           0.3367833594211849,
           0.16691738322699218,
           0.47992133005096893,
           1,
           0.00011099507262946428,
           0.16417396587172925,
           0.039829931572047055,
           -0.09017024752042728,
           0.40196442544841293,
           0.5598366906211332,
           0.4466303216995709,
           0.34119804439711793,
           0.34500739714372775,
           0.6881315774585519,
           -0.2536914948766098,
           -0.05126920203676505,
           -0.20515121126277375,
           -0.23185445116756076,
           0.5049420753517623,
           0.45879815666785967,
           0.34623387634806807,
           0.17532544924324445,
           0.3340186838510827,
           0.7672967792384351,
           -0.012837602698432402
          ],
          [
           0.6790903880020752,
           0.27586867617376215,
           0.6917650135334821,
           0.7325622269972976,
           0.3014670982531695,
           0.4974734460850615,
           0.6319248221414899,
           0.6980498335607405,
           0.30337926320726255,
           0.00011099507262946428,
           1,
           0.2132473372511577,
           0.9727936770160753,
           0.95183011211099,
           0.1645142198128112,
           0.35606457553220233,
           0.3323575376076103,
           0.5133464414367644,
           0.24056736245007102,
           0.2277535326719804,
           0.7150651951351847,
           0.1947985568342512,
           0.7196838036650056,
           0.7515484761266196,
           0.14191855291860694,
           0.28710316560074006,
           0.38058463462872233,
           0.5310623278216041,
           0.09454283035438173,
           0.049559432464573054,
           0.5671338208247176
          ],
          [
           -0.09731744314481339,
           0.3863576227244903,
           -0.0867610783117949,
           -0.06628021360457748,
           0.06840644817118247,
           0.04620483071640683,
           0.07621834813534009,
           0.02147958192340165,
           0.12805292634025622,
           0.16417396587172925,
           0.2132473372511577,
           1,
           0.22317072863071377,
           0.11156724721803955,
           0.3972428526412093,
           0.23169969897623735,
           0.19499846445881877,
           0.23028339955703328,
           0.411620680197539,
           0.279722747719194,
           -0.1116903131249303,
           0.40900276631530547,
           -0.10224192188743313,
           -0.0831949885850467,
           -0.0736576591011854,
           -0.09243935361819386,
           -0.06895622054645618,
           -0.11963752313984637,
           -0.12821475779252972,
           -0.04565456859320708,
           -0.008303332973877428
          ],
          [
           0.6741716157641063,
           0.28167311478720247,
           0.693134889540866,
           0.7266283277906854,
           0.29609193289351476,
           0.5489052645888235,
           0.6603907872419621,
           0.710649871613899,
           0.31389276079651346,
           0.039829931572047055,
           0.9727936770160753,
           0.22317072863071377,
           1,
           0.9376554069544158,
           0.15107533120841277,
           0.4163223679924622,
           0.3624815822704492,
           0.5562640836543972,
           0.2664870918640224,
           0.2441427734162861,
           0.6972005927206462,
           0.2003708539594513,
           0.7210313099890179,
           0.7307129731302835,
           0.13005439199100988,
           0.341919445371206,
           0.4188988157305724,
           0.554897230628211,
           0.10993043423135032,
           0.0854325720566573,
           0.5561407034314833
          ],
          [
           0.7358636632128175,
           0.2598449866100983,
           0.7449826941190679,
           0.8000859212343217,
           0.24655243166573584,
           0.45565285198788913,
           0.6174268058452416,
           0.6902985397595536,
           0.2239702194176301,
           -0.09017024752042728,
           0.95183011211099,
           0.11156724721803955,
           0.9376554069544158,
           1,
           0.0751503381219939,
           0.28484005654116096,
           0.2708947261906321,
           0.41572956837140046,
           0.13410897969247482,
           0.12707090297801268,
           0.7573731889240161,
           0.19649664907281042,
           0.761212636068759,
           0.8114079609317285,
           0.12538943051609133,
           0.2832565375374558,
           0.38510013559852974,
           0.5381663138957362,
           0.07412629159952808,
           0.01753929513238543,
           0.5482359402780249
          ],
          [
           -0.22260012458211118,
           0.006613777353585308,
           -0.20269402629832203,
           -0.16677666660111248,
           0.3323754426475922,
           0.13529926770047151,
           0.09856374579911732,
           0.027653308387136175,
           0.18732116526139064,
           0.40196442544841293,
           0.1645142198128112,
           0.3972428526412093,
           0.15107533120841277,
           0.0751503381219939,
           1,
           0.336696080505445,
           0.26868475987226287,
           0.3284294991096793,
           0.4135061252078974,
           0.4273742067231587,
           -0.23069070984514778,
           -0.07474296487675618,
           -0.2173037545818619,
           -0.18219547805909872,
           0.3144574559808277,
           -0.0555581387150508,
           -0.05829838674344535,
           -0.10200679633746514,
           -0.10734209778914462,
           0.10148031504252503,
           -0.06701601057948743
          ],
          [
           0.20599998040769918,
           0.19197461132396668,
           0.2507436807405883,
           0.21258255077923294,
           0.3189432967053789,
           0.7387217896603925,
           0.6702788246430198,
           0.49042424959357267,
           0.421659147005011,
           0.5598366906211332,
           0.35606457553220233,
           0.23169969897623735,
           0.4163223679924622,
           0.28484005654116096,
           0.336696080505445,
           1,
           0.80126834273833,
           0.7440826676953249,
           0.3947128347620323,
           0.8032688176617685,
           0.20460716594748163,
           0.14300258329571666,
           0.26051583964720887,
           0.199371329091014,
           0.2273942323054234,
           0.6787803543724953,
           0.6391466977559199,
           0.48320832682561426,
           0.277878430714635,
           0.5909727625047896,
           0.29299924424885837
          ],
          [
           0.19420362276150901,
           0.14329307656049844,
           0.22808234539365801,
           0.20766006048256935,
           0.24839567988255556,
           0.5705168714898888,
           0.6912702075448518,
           0.4391670684742617,
           0.34262702307772064,
           0.4466303216995709,
           0.3323575376076103,
           0.19499846445881877,
           0.3624815822704492,
           0.2708947261906321,
           0.26868475987226287,
           0.80126834273833,
           1,
           0.7718039949238471,
           0.3094285779844513,
           0.7273721838811941,
           0.1869035156858978,
           0.10024098374834614,
           0.22668042559090118,
           0.18835265208953067,
           0.16848132079136757,
           0.48485780068646933,
           0.6625641337427421,
           0.4404722630462229,
           0.19778782186141067,
           0.43932926857579163,
           0.25372976598083047
          ],
          [
           0.3761689559399256,
           0.16385102528521825,
           0.4072169159986187,
           0.37232028233071024,
           0.3806756909832853,
           0.6422618509716463,
           0.6832599165123265,
           0.6156341308969191,
           0.3932978720890168,
           0.34119804439711793,
           0.5133464414367644,
           0.23028339955703328,
           0.5562640836543972,
           0.41572956837140046,
           0.3284294991096793,
           0.7440826676953249,
           0.7718039949238471,
           1,
           0.31278022320973337,
           0.6110441393807231,
           0.3581266692410428,
           0.08674120994286846,
           0.39499925177418443,
           0.34227116209268166,
           0.21535059681593388,
           0.45288837736988136,
           0.5495923752351923,
           0.6024496059209875,
           0.14311566863305025,
           0.31065455149383064,
           0.40804233271650514
          ],
          [
           -0.10432088141786555,
           0.009127167755036027,
           -0.0816293270283995,
           -0.07249658821176269,
           0.20077437592048303,
           0.22997659080143187,
           0.17800920792087796,
           0.09535078688667677,
           0.4491365423934293,
           0.34500739714372775,
           0.24056736245007102,
           0.411620680197539,
           0.2664870918640224,
           0.13410897969247482,
           0.4135061252078974,
           0.3947128347620323,
           0.3094285779844513,
           0.31278022320973337,
           1,
           0.3690780833657287,
           -0.12812076907274245,
           -0.07747342018407909,
           -0.10375304384332526,
           -0.1103427428954985,
           -0.012661799565908722,
           0.060254879465366645,
           0.03711904859992841,
           -0.030413396423601014,
           0.3894024848846455,
           0.07807947627266769,
           -0.006521755870647944
          ],
          [
           -0.04264126911445617,
           0.05445751956893366,
           -0.005523391057003977,
           -0.01988696323506803,
           0.2836066985468851,
           0.5073181269004222,
           0.4493007490503387,
           0.25758374624303326,
           0.3317861462731242,
           0.6881315774585519,
           0.2277535326719804,
           0.279722747719194,
           0.2441427734162861,
           0.12707090297801268,
           0.4273742067231587,
           0.8032688176617685,
           0.7273721838811941,
           0.6110441393807231,
           0.3690780833657287,
           1,
           -0.037487617862673336,
           -0.003195028868089593,
           -0.0010003976259668078,
           -0.02273614730890053,
           0.1705683159531422,
           0.39015884208667523,
           0.37997466145707914,
           0.21520401331002878,
           0.11109395575572405,
           0.5913280656608754,
           0.07797241739025607
          ],
          [
           0.9695389726112053,
           0.3525729471502958,
           0.9694763634663142,
           0.9627460860470841,
           0.21312014189594874,
           0.5353153982176657,
           0.6882364076436723,
           0.8303176311186148,
           0.18572775349568774,
           -0.2536914948766098,
           0.7150651951351847,
           -0.1116903131249303,
           0.6972005927206462,
           0.7573731889240161,
           -0.23069070984514778,
           0.20460716594748163,
           0.1869035156858978,
           0.3581266692410428,
           -0.12812076907274245,
           -0.037487617862673336,
           1,
           0.35992075422104775,
           0.993707916102951,
           0.9840145644590724,
           0.21657443125969597,
           0.4758200374601463,
           0.5739747080993033,
           0.7874238517122413,
           0.24352920429131314,
           0.0934919786793016,
           0.7764537785950388
          ],
          [
           0.2970076439863734,
           0.9120445888404215,
           0.30303837155714997,
           0.2874886271213974,
           0.036071798785646286,
           0.24813283327741745,
           0.29987888870969104,
           0.2927517130015175,
           0.0906506881166427,
           -0.05126920203676505,
           0.1947985568342512,
           0.40900276631530547,
           0.2003708539594513,
           0.19649664907281042,
           -0.07474296487675618,
           0.14300258329571666,
           0.10024098374834614,
           0.08674120994286846,
           -0.07747342018407909,
           -0.003195028868089593,
           0.35992075422104775,
           1,
           0.36509824540861924,
           0.3458422825267968,
           0.22542941490948643,
           0.3608323385979734,
           0.36836560745994473,
           0.35975460952503574,
           0.23302746144531694,
           0.2191224254631583,
           0.4569028213967982
          ],
          [
           0.9651365139559878,
           0.35803957505322437,
           0.9703868870426388,
           0.959119574355266,
           0.2388526262091505,
           0.590210427731298,
           0.7295649165132022,
           0.8559231281343112,
           0.21916855911105804,
           -0.20515121126277375,
           0.7196838036650056,
           -0.10224192188743313,
           0.7210313099890179,
           0.761212636068759,
           -0.2173037545818619,
           0.26051583964720887,
           0.22668042559090118,
           0.39499925177418443,
           -0.10375304384332526,
           -0.0010003976259668078,
           0.993707916102951,
           0.36509824540861924,
           1,
           0.9775780914063881,
           0.23677460388606947,
           0.5294076901641028,
           0.6183440795335159,
           0.8163221016875445,
           0.2694927690838169,
           0.13895686184575748,
           0.782914137173759
          ],
          [
           0.9410824595860459,
           0.3435459471864692,
           0.9415498080023057,
           0.9592133256499006,
           0.20671836342857636,
           0.5096038055579197,
           0.6759872313060878,
           0.8096296199096176,
           0.17719337737409693,
           -0.23185445116756076,
           0.7515484761266196,
           -0.0831949885850467,
           0.7307129731302835,
           0.8114079609317285,
           -0.18219547805909872,
           0.199371329091014,
           0.18835265208953067,
           0.34227116209268166,
           -0.1103427428954985,
           -0.02273614730890053,
           0.9840145644590724,
           0.3458422825267968,
           0.9775780914063881,
           1,
           0.20914533376028976,
           0.43829628377967367,
           0.5433305254110797,
           0.7474188023228173,
           0.20914550838707846,
           0.07964703402467599,
           0.7338250349210516
          ],
          [
           0.11961613992160851,
           0.07750335882212896,
           0.15054940431703726,
           0.12352293875557119,
           0.8053241954943632,
           0.5655411663750876,
           0.448822038404761,
           0.4527530541790488,
           0.4266750263849472,
           0.5049420753517623,
           0.14191855291860694,
           -0.0736576591011854,
           0.13005439199100988,
           0.12538943051609133,
           0.3144574559808277,
           0.2273942323054234,
           0.16848132079136757,
           0.21535059681593388,
           -0.012661799565908722,
           0.1705683159531422,
           0.21657443125969597,
           0.22542941490948643,
           0.23677460388606947,
           0.20914533376028976,
           1,
           0.5681865166856074,
           0.5185232928640022,
           0.5476909029497872,
           0.4938383302357595,
           0.617624191655438,
           0.4214648610664031
          ],
          [
           0.4134628230608024,
           0.2778295924789796,
           0.455774228038327,
           0.3904103092424995,
           0.4724684437304438,
           0.8658090398022638,
           0.7549680159063971,
           0.6674536768257114,
           0.47320001324461836,
           0.45879815666785967,
           0.28710316560074006,
           -0.09243935361819386,
           0.341919445371206,
           0.2832565375374558,
           -0.0555581387150508,
           0.6787803543724953,
           0.48485780068646933,
           0.45288837736988136,
           0.060254879465366645,
           0.39015884208667523,
           0.4758200374601463,
           0.3608323385979734,
           0.5294076901641028,
           0.43829628377967367,
           0.5681865166856074,
           1,
           0.8922608987764692,
           0.801080364635253,
           0.6144405011493058,
           0.8104548563116135,
           0.5909982378417925
          ],
          [
           0.5269114618385443,
           0.3010252238164908,
           0.5638792634736616,
           0.5126059204433245,
           0.43492571472508657,
           0.8162752498000281,
           0.8841026390943832,
           0.7523994975749646,
           0.4337210075901724,
           0.34623387634806807,
           0.38058463462872233,
           -0.06895622054645618,
           0.4188988157305724,
           0.38510013559852974,
           -0.05829838674344535,
           0.6391466977559199,
           0.6625641337427421,
           0.5495923752351923,
           0.03711904859992841,
           0.37997466145707914,
           0.5739747080993033,
           0.36836560745994473,
           0.6183440795335159,
           0.5433305254110797,
           0.5185232928640022,
           0.8922608987764692,
           1,
           0.8554338603439984,
           0.5325197291183615,
           0.6865109212448628,
           0.6596102103692344
          ],
          [
           0.7442141978674656,
           0.2953158433377365,
           0.7712407893605479,
           0.722016626260358,
           0.50305335329895,
           0.8155732235690654,
           0.8613230336379504,
           0.9101553142985934,
           0.4302966114579541,
           0.17532544924324445,
           0.5310623278216041,
           -0.11963752313984637,
           0.554897230628211,
           0.5381663138957362,
           -0.10200679633746514,
           0.48320832682561426,
           0.4404722630462229,
           0.6024496059209875,
           -0.030413396423601014,
           0.21520401331002878,
           0.7874238517122413,
           0.35975460952503574,
           0.8163221016875445,
           0.7474188023228173,
           0.5476909029497872,
           0.801080364635253,
           0.8554338603439984,
           1,
           0.5025284938306981,
           0.5111141458863392,
           0.7935660171412696
          ],
          [
           0.16395333493630726,
           0.10500791031597177,
           0.18911504046245725,
           0.14356991388907142,
           0.3943094818117564,
           0.5102234299218059,
           0.40946412653998593,
           0.37574414542361134,
           0.6998257976437319,
           0.3340186838510827,
           0.09454283035438173,
           -0.12821475779252972,
           0.10993043423135032,
           0.07412629159952808,
           -0.10734209778914462,
           0.277878430714635,
           0.19778782186141067,
           0.14311566863305025,
           0.3894024848846455,
           0.11109395575572405,
           0.24352920429131314,
           0.23302746144531694,
           0.2694927690838169,
           0.20914550838707846,
           0.4938383302357595,
           0.6144405011493058,
           0.5325197291183615,
           0.5025284938306981,
           1,
           0.5378482062536076,
           0.41629431104861897
          ],
          [
           0.007065885692182551,
           0.1192053513970854,
           0.051018529723406605,
           0.0037375973515715705,
           0.49931636859376616,
           0.6873823227538961,
           0.5149298906363865,
           0.36866113371677073,
           0.438413498444603,
           0.7672967792384351,
           0.049559432464573054,
           -0.04565456859320708,
           0.0854325720566573,
           0.01753929513238543,
           0.10148031504252503,
           0.5909727625047896,
           0.43932926857579163,
           0.31065455149383064,
           0.07807947627266769,
           0.5913280656608754,
           0.0934919786793016,
           0.2191224254631583,
           0.13895686184575748,
           0.07964703402467599,
           0.617624191655438,
           0.8104548563116135,
           0.6865109212448628,
           0.5111141458863392,
           0.5378482062536076,
           1,
           0.3238721887208239
          ],
          [
           0.7300285113754569,
           0.4151852998452046,
           0.742635529725833,
           0.7089838365853909,
           0.35855996508593224,
           0.596533677508253,
           0.6963597071719053,
           0.7766138400204361,
           0.3304985542625467,
           -0.012837602698432402,
           0.5671338208247176,
           -0.008303332973877428,
           0.5561407034314833,
           0.5482359402780249,
           -0.06701601057948743,
           0.29299924424885837,
           0.25372976598083047,
           0.40804233271650514,
           -0.006521755870647944,
           0.07797241739025607,
           0.7764537785950388,
           0.4569028213967982,
           0.782914137173759,
           0.7338250349210516,
           0.4214648610664031,
           0.5909982378417925,
           0.6596102103692344,
           0.7935660171412696,
           0.41629431104861897,
           0.3238721887208239,
           1
          ]
         ]
        }
       ],
       "layout": {}
      },
      "text/html": [
